,k11_GEP1,k11_GEP2,k11_GEP3,k11_GEP4,k11_GEP5,k11_GEP6,k11_GEP7,k11_GEP8,k11_GEP9,k11_GEP10,k11_GEP11,k12_GEP1,k12_GEP2,k12_GEP3,k12_GEP4,k12_GEP5,k12_GEP6,k12_GEP7,k12_GEP8,k12_GEP9,k12_GEP10,k12_GEP11,k12_GEP12,k13_GEP1,k13_GEP2,k13_GEP3,k13_GEP4,k13_GEP5,k13_GEP6,k13_GEP7,k13_GEP8,k13_GEP9,k13_GEP10,k13_GEP11,k13_GEP12,k13_GEP13,k14_GEP1,k14_GEP2,k14_GEP3,k14_GEP4,k14_GEP5,k14_GEP6,k14_GEP7,k14_GEP8,k14_GEP9,k14_GEP10,k14_GEP11,k14_GEP12,k14_GEP13,k14_GEP14,k15_GEP1,k15_GEP2,k15_GEP3,k15_GEP4,k15_GEP5,k15_GEP6,k15_GEP7,k15_GEP8,k15_GEP9,k15_GEP10,k15_GEP11,k15_GEP12,k15_GEP13,k15_GEP14,k15_GEP15,k16_GEP1,k16_GEP2,k16_GEP3,k16_GEP4,k16_GEP5,k16_GEP6,k16_GEP7,k16_GEP8,k16_GEP9,k16_GEP10,k16_GEP11,k16_GEP12,k16_GEP13,k16_GEP14,k16_GEP15,k16_GEP16
k11_GEP1,1.0,-0.4483587040975486,0.16598766919815952,-0.10547941458987979,-0.2976930993419208,-0.1759280763013774,-0.09748312599093337,-0.2210710803052148,-0.28349984212042323,-0.18100423050792594,-0.25567042622681296,-0.28837420472564346,0.9951325143181031,0.18867486173931194,-0.08006581687291518,-0.3296233794213986,-0.21546869419824036,-0.3211469367824694,-0.08416945448481862,-0.13474852627589098,-0.15561601202442527,-0.2086893533529992,-0.11019664526288264,-0.2536657059914053,0.9948124104024674,-0.33841563124337787,0.18809108493372884,-0.07608293255839689,-0.20681078101404127,-0.2106778984264096,-0.08106661761050814,-0.1934753054160852,-0.08523202055474975,-0.13088590547379858,-0.15170714193024593,-0.0921218388883931,-0.25379383032966735,0.9943709207753234,-0.338337423204457,0.18772742619494046,-0.07615090922348619,-0.20659897740592112,-0.21081104026006126,-0.08128603402339382,-0.19320462152652704,-0.08528544004981314,-0.13112663366543834,-0.15198821019654604,-0.09209520260464019,0.025547290792365635,-0.25402602858488016,0.994397431648804,-0.33831290484732107,-0.07647672938653143,0.18714266624583448,-0.20663001337733025,-0.21086324281518024,-0.19334748273758134,-0.07842535745584882,-0.08362276109021977,-0.13107311298132335,-0.15208173325455657,-0.09228693261075015,0.01574853460003314,0.025670387780040594,-0.2800171978410211,-0.33944773779657494,0.9775880324786733,-0.0808763885412534,0.18419151005515372,-0.21420638154408894,-0.09275635559632917,-0.1992867618200305,0.8726284131244106,-0.09879170741853316,-0.13466074979948167,-0.15564218830931362,-0.13424370797113883,0.024198581251801972,-0.06108293321909257,-0.06611317152727075
k11_GEP2,-0.4483587040975486,1.0,-0.3695484158759085,-0.24565712580235344,-0.20154578183844712,-0.1294326315318335,-0.16085898896705986,-0.2033535498801728,0.5945356362830623,-0.02022813548406879,0.22802720692865364,0.1960963003581977,-0.4483414776444617,-0.3765360559297368,-0.2576972139432911,0.9090408873198413,-0.22878282379075351,0.6261435841710905,-0.16693483688646407,-0.15096070167364717,-0.14737756371936145,0.2011239893045262,-0.056499131708669194,0.17603856255578498,-0.44779602048303924,0.8828379567687804,-0.376386195281108,-0.2562523713484109,0.03742257854125349,-0.2278605603185801,-0.16531297462007,0.1366740834617989,0.12178783800520451,-0.14944829909978866,-0.14416714257988453,-0.04909034003934088,0.17608883664555572,-0.4472964027548597,0.8823722046351857,-0.37562779460349843,-0.2564054872605183,0.037493007479856615,-0.22769342070434367,-0.1651700078183604,0.1361486577012545,0.12197639427731928,-0.14900541134267814,-0.14287040146469523,-0.049103415807753514,-0.048845883754278535,0.176448942769649,-0.4468210134602558,0.8825631101638577,-0.2558259167495579,-0.37358758156263216,0.03828146967417895,-0.22775441492365273,0.1367197609833069,-0.1670229163308101,0.12085300199992043,-0.14896339580635676,-0.14290590252893487,-0.04880801004193109,-0.1177406264367783,-0.0491950052063653,0.1709773360258436,0.8832356175375299,-0.4463877886391263,-0.2562089481506237,-0.371793765127837,-0.22795127705283702,-0.1600308451629859,0.1382845400996427,-0.3756560189319984,0.12036188456053241,-0.1487931188072997,-0.14307634606932865,0.0026851318555234155,-0.04778071356799915,-0.04884801075577749,-0.051454051226571894
k11_GEP3,0.16598766919815952,-0.3695484158759085,1.0,-0.018710007360237133,-0.24953604837823576,-0.1456719854118699,-0.0296284690340294,-0.19515298963825234,-0.2551581258070954,-0.15289654826757162,-0.22290236483007525,-0.19855688552253067,0.17865367380716812,0.9924931082858437,-0.001205177618986929,-0.28169512243421696,-0.19284115373420196,-0.28283310585335975,-0.021125734051384164,-0.11581408555179135,-0.12906606674595217,-0.19091922057326002,-0.1041864170607107,-0.18605570215516012,0.17801009538840928,-0.2920321487972049,0.9913187779358478,0.0012823566208774834,-0.17067041723409587,-0.18829366874164108,-0.020592270546791448,-0.17827337876138988,-0.026072811258180673,-0.11292910548510043,-0.12727275174044486,-0.08811229863506122,-0.18614793821241538,0.17786131214319642,-0.2916859684466039,0.9905291541732562,0.0012952615685963619,-0.17075646372320621,-0.18854672587767127,-0.019905975813956197,-0.17816916914537306,-0.02631866581027643,-0.11297880472415767,-0.1277929749912876,-0.08792489153360264,0.042915748721589354,-0.18666796779778302,0.17704031117008234,-0.29155845704652045,0.00024752470402721673,0.9865672146554462,-0.17190601231194572,-0.18803481905476332,-0.17847458279929518,-0.006848018618969351,-0.023759768605653396,-0.11268623651970898,-0.12764492967854477,-0.08816887951781212,0.1646427027722863,0.04470379103867736,-0.2068952084129629,-0.29101803885544675,0.16519666366822905,-0.0015161894373640686,0.9901431670785595,-0.1896782853833813,-0.0222746512812107,-0.18218061570059021,0.18022545511651095,-0.035667009851563854,-0.11436717193562619,-0.12961682211792505,-0.12126909036618833,0.043533628889625926,-0.053805801234599104,-0.06433823041286307
k11_GEP4,-0.10547941458987979,-0.24565712580235344,-0.018710007360237133,1.0,-0.019689557662109034,-0.00285674840808217,4.1722733572215394e-05,-0.054794920456579015,-0.20617748238350428,-0.00957840228823224,-0.14589978405194687,-0.10309525564656204,-0.09424251107031036,-0.010007536614044599,0.9945431249036744,-0.20289327016603168,-0.033903413249218285,-0.21977401960953927,0.0053410876800184795,0.010072438942719225,0.005895719296564973,-0.1297712355634478,0.017475009192999998,-0.12350076208044039,-0.09409272413471356,-0.2166845574313514,-0.010610636015793491,0.9927987370596608,-0.017209164486468687,-0.03198040020805928,0.004228298370985106,-0.12965104751231035,0.006553393844121628,0.011439028014466883,0.007920795686608844,0.02100959064435828,-0.12408618126804118,-0.0951423945092246,-0.21770254555896018,-0.013062479821757966,0.9927644758319624,-0.01682346697289679,-0.03186338768145048,0.00149379201300336,-0.12944315080955698,0.006675671106717079,0.01002846663640101,0.003462172306854678,0.020542286820640986,0.03744901981315761,-0.12367826949441699,-0.0954805260549432,-0.21773646625725407,0.9927972009066456,-0.015575563600885238,-0.017202215030215736,-0.032196748052220094,-0.12977102068158589,-0.003865004305469125,0.006019970379748629,0.009673859997075027,0.003222290553307425,0.0200705491185245,0.031317931338225274,0.0358045052874976,-0.12183103109420793,-0.21678090236766728,-0.0844218712636361,0.9941953859926681,-0.013528763524013054,-0.03157735199315914,-0.001947398601110289,-0.13038545500932255,-0.10769101404370371,0.005795022229553036,0.010346090696722758,0.0034968071686639225,0.009837607900310729,0.035775913562055096,0.011728462769602216,0.013153034377435873
k11_GEP5,-0.2976930993419208,-0.20154578183844712,-0.24953604837823576,-0.019689557662109034,1.0,-0.014654050132395513,-0.07759461285295549,0.5721660574619781,-0.22746869120557103,-0.041987279936932465,-0.12416860596018328,0.1721911301507147,-0.30334520425354805,-0.2576900349056255,-0.028137585442406875,-0.2496548598583178,0.650954273127292,-0.21919113445234314,-0.07738275661979431,-0.04495708778222072,0.7815467185666491,-0.14672012037715512,-0.08309496385733495,0.1493285482673286,-0.3036996884455872,-0.24870452575810947,-0.26118367828355615,-0.033138336368079536,0.11419811641551275,0.6463144336960975,-0.0796753467322453,-0.138569660211229,0.044299120069322066,-0.04766210802049966,0.778001067022238,-0.09786529756263415,0.14986550624139433,-0.30281624407433755,-0.24805074205278055,-0.2593204823939087,-0.0327115200947312,0.11375459120715437,0.6463077762117331,-0.07796711008571917,-0.1383930967738915,0.04428907529921524,-0.0467145400576942,0.7800461092133586,-0.09754578620811818,-0.022808263381603102,0.15055280399825044,-0.3027286714510599,-0.2480161211481355,-0.032317242605430944,-0.26011636641962144,0.11422334998684314,0.6460129588146445,-0.1387245485779765,-0.0831203952252145,0.04213008550697621,-0.04728441673744788,0.7798653901233683,-0.09802872196813621,-0.040349093753262566,-0.023594483888544453,0.17778851279422392,-0.2464884207919808,-0.29757214723978626,-0.02983753711085498,-0.2592790477060917,0.6484577114574039,-0.07299430926077978,-0.13553518591869104,-0.2630598950389995,0.04856687142376422,-0.04548213269623702,0.7826126438853597,-0.07925994280306715,-0.02308763812072452,-0.042083917491691464,-0.06632007306596195
k11_GEP6,-0.1759280763013774,-0.1294326315318335,-0.1456719854118699,-0.00285674840808217,-0.014654050132395513,1.0,-0.03312586737892296,0.02674023067516232,-0.13233407072194703,-0.03402870384533996,-0.07051040016136023,0.07225183776205686,-0.17501983572728272,-0.14554253153295352,-0.006936797523166207,-0.13913052948160218,0.013855765807860807,-0.13281579219865702,-0.03541718314107681,0.9842053387909866,0.0274414373168636,-0.07623179845811155,-0.046396377286643066,0.0832041786937389,-0.17466239559957653,-0.14260365755627005,-0.1444571259347147,-0.007225162688899576,0.052456881235428285,0.012512901939824723,-0.03644709847017495,-0.07560772923235114,-0.01168744080409853,0.9818034617575349,0.0260699216822086,-0.052410199700217784,0.08297428556029537,-0.17489017644483523,-0.14258943695774548,-0.14497194363061228,-0.0073730778622867485,0.052443496428840386,0.012494699863521674,-0.03690111071626788,-0.075563087965483,-0.011583274061939547,0.9812302587036101,0.02500319243102607,-0.05247688706442643,0.01802028757671387,0.08331204949668382,-0.1747482860023357,-0.14242677281119392,-0.006988649403060198,-0.1440277860715064,0.05283885941294703,0.012768492230126865,-0.0755157798761297,-0.03722477983157588,-0.01235519641049709,0.9811990041430989,0.025125619945057097,-0.052122793638567935,-0.028036602182966303,0.018315068392569044,0.09193093611553493,-0.14161116852012762,-0.1767973438487567,-0.006805268670837264,-0.14548163751410947,0.012257346931203124,-0.03678844706133301,-0.07528902471523076,-0.14272577494853203,-0.01194897428787202,0.9824397856202859,0.024901223528449902,-0.04105153074067523,0.018064085466501907,-0.024561349755039142,-0.03964441751618208
k11_GEP7,-0.09748312599093337,-0.16085898896705986,-0.0296284690340294,4.1722733572215394e-05,-0.07759461285295549,-0.03312586737892296,1.0,-0.0351223491924223,-0.0964144025878138,-0.0610739657513248,-0.08193305556941283,-0.12978732713479355,-0.08490328136057275,-0.018036288792554936,0.009078664534677908,-0.11870258448736165,-0.028824073878427812,-0.10532530100804045,0.9983084390785933,-0.015704947519055934,-0.0611881391264789,-0.0656206480216019,-0.03178243168370899,-0.12318137099164699,-0.084883634968233,-0.11836255931416918,-0.016387728037426115,0.009523109166416304,-0.01427846000757207,-0.027853078992904436,0.9972502794389796,-0.05949599197895481,-0.05062198836732095,-0.014174637197573867,-0.058546133021456434,-0.03131528828276366,-0.12429727984458774,-0.08670196115743736,-0.12008056620645732,-0.020428122966505223,0.008642393811313752,-0.014287571229060641,-0.02785903559926595,0.994487704790634,-0.05952035196826365,-0.0505519864702484,-0.01638557687418584,-0.06442993398675519,-0.03184635488114022,0.10912920755511599,-0.12546565028223083,-0.08727348843619218,-0.12034176884620469,0.008100020569330244,-0.019759109394122037,-0.015448258367467653,-0.028032021956236598,-0.059949725472617774,0.9858422089904176,-0.049060446738373883,-0.015926761320837063,-0.06419027656995588,-0.03215188734605985,0.22034801073114452,0.1088933987767015,-0.12110117386491671,-0.11924674109298317,-0.06780234107893918,0.009676383028491083,-0.023409938434701908,-0.02778530277050527,0.9946679010868495,-0.05913931623090287,-0.11305645784637759,-0.046263393389521554,-0.015108773621404278,-0.06368430920589555,-0.023532871479248683,0.11056491249716312,-0.02033877809204308,-0.03305716374502201
k11_GEP8,-0.2210710803052148,-0.2033535498801728,-0.19515298963825234,-0.054794920456579015,0.5721660574619781,0.02674023067516232,-0.0351223491924223,1.0,-0.14712914205835395,-0.07515110487043025,-0.12210349067749504,-0.03004551036600725,-0.20895346803562942,-0.18189206306023123,-0.047488017535988004,-0.17158724730696506,0.9791661151340186,-0.15543972910153983,-0.035790185452569616,0.047544211549149645,0.1171580463193477,-0.11185957262243464,-0.05799990194663551,0.02375441861973098,-0.20750504719614626,-0.16975130956195672,-0.18062637047140107,-0.04466657580136891,-0.02028492171479712,0.9776565663926984,-0.032980292863394524,-0.10346352099951758,-0.0781236607295874,0.04791083779586203,0.11817407520626359,-0.05861273226860251,0.024291013824636762,-0.20648262339799284,-0.16888631099670995,-0.1786247207690541,-0.04414240649499331,-0.02036699687069029,0.9776848939797687,-0.03150295103593143,-0.10334150511187047,-0.07820357686213161,0.04905100897745242,0.12144169716106197,-0.058350102991269734,-0.04474966098730222,0.024573602485766368,-0.20622783106895154,-0.16883023806866837,-0.04394304313115864,-0.17731993230428594,-0.019749558741874743,0.9777595988582748,-0.10335117218945271,-0.03229354686526689,-0.07885221731391724,0.04882245284713708,0.12156629691976138,-0.05853830620653856,-0.05023482149561928,-0.04429643762517102,0.018546157069558276,-0.16778592382867843,-0.20611319585882923,-0.04556113582038944,-0.17730333582743554,0.9778380261212594,-0.028919557235073175,-0.10578230776624481,-0.1723298708284644,-0.0862017560900205,0.047584632233162234,0.11949903108696798,-0.06457686513076229,-0.044319594840637765,-0.03143900584696071,-0.044812743545625
k11_GEP9,-0.28349984212042323,0.5945356362830623,-0.2551581258070954,-0.20617748238350428,-0.22746869120557103,-0.13233407072194703,-0.0964144025878138,-0.14712914205835395,1.0,-0.11224080228918797,0.4270848039473619,-0.32314586887985036,-0.24402758706318015,-0.20851247293684408,-0.1730667106678528,0.6988839811597082,-0.12562871999126438,0.9944342283259052,-0.07975983791043764,-0.07512772366310697,-0.08986010687157359,0.48083225518036826,-0.010975747920978265,-0.2641983247431493,-0.24311973837172215,0.8294578585250048,-0.20962254132600996,-0.1691864133297943,-0.12463240788475723,-0.1213074802298541,-0.0763855811575225,0.5827311654594967,-0.1422643813140342,-0.0725485885575838,-0.0878337146440524,0.00018423625681378343,-0.26354718519083575,-0.24220692085611534,0.8301516044023747,-0.20781425677095708,-0.16896328189298282,-0.12456095420930433,-0.12135747690101846,-0.07497367761656867,0.5819493898916642,-0.1424341551225489,-0.07154731932928712,-0.08474630843167764,0.0004683281476827226,-0.04766182095061861,-0.26335020798213105,-0.24200504448204105,0.8297536343936042,-0.16862430543662338,-0.2066466058609046,-0.1241528161018519,-0.12128569935614203,0.5827450898721018,-0.07654217014002913,-0.14183998786467927,-0.0714667388205774,-0.08474376736403536,0.0004361917565204713,-0.059582607641433485,-0.04776342945348779,-0.286275475523548,0.828631867408038,-0.2353017658369366,-0.1707727490174071,-0.2053221789109683,-0.12268014791071444,-0.07528306971296965,0.5826723425770584,-0.2191600475727241,-0.1501274718083444,-0.07299983684332334,-0.08689422428154658,-0.009784933629941645,-0.04651550234885987,-0.01908073967603161,0.004295706168863002
k11_GEP10,-0.18100423050792594,-0.02022813548406879,-0.15289654826757162,-0.00957840228823224,-0.041987279936932465,-0.03402870384533996,-0.0610739657513248,-0.07515110487043025,-0.11224080228918797,1.0,0.07501743678893878,0.3016694924509577,-0.2038259234453734,-0.18038763047428458,-0.03824854600066177,-0.1444090280757583,-0.10846040995673464,-0.07853633093071165,-0.07743190895441711,-0.07930345435170763,-0.09550474473261765,0.027035249696101524,0.9435055240448532,0.257506759284273,-0.2041984929682061,-0.1381298641052267,-0.1771603886626174,-0.044925328844193015,0.31864496895132005,-0.11696207180762586,-0.0820349280969415,0.021461390845305545,0.025591641717553033,-0.08732663566485006,-0.10515145425745401,0.9140637021979899,0.2581052361284694,-0.20358475078128446,-0.1375984376088004,-0.17554689457727624,-0.04459445211348945,0.31850682097603605,-0.11682828740497801,-0.08102322951683955,0.021602906234535528,0.025555132152796152,-0.08642130702347392,-0.1027618195627823,0.9141102053688533,-0.05046759765410954,0.2574702364855243,-0.20357430802394838,-0.13783103110177689,-0.04446653822215233,-0.17520649676935968,0.31725388792847126,-0.11697941362574706,0.02185855929004343,-0.08309182335957013,0.02488706588253302,-0.08648907233212812,-0.10272969611751931,0.9146765872036499,-0.044219167977928055,-0.05092232798624386,0.27516069643409014,-0.1426649295690355,-0.19474978189852418,-0.04089030132235412,-0.1765914761350452,-0.11335029071637645,-0.0769591459065486,0.025745094422413732,-0.20236981816712704,0.0546679234917853,-0.08351123838395455,-0.09766794240705132,0.7833709987025349,-0.051546953548665585,0.6044945387055811,0.75362582732013
k11_GEP11,-0.25567042622681296,0.22802720692865364,-0.22290236483007525,-0.14589978405194687,-0.12416860596018328,-0.07051040016136023,-0.08193305556941283,-0.12210349067749504,0.4270848039473619,0.07501743678893878,1.0,0.0354962751294395,-0.25467123617114024,-0.22195425871378618,-0.14870744229251961,0.19311655005922324,-0.13347469346425644,0.45187036023381416,-0.0864336588823655,-0.07776099873459383,-0.09858963786826737,0.9818145618043805,0.0362110023846787,0.03966464307560423,-0.25402869903133674,0.18935771432770285,-0.22031255310116202,-0.14957759847652882,0.0971566643945968,-0.13555486171960304,-0.08638641205708342,0.9497848570353813,-0.021502863003901126,-0.07878511904877138,-0.1003311311295796,0.02870750880823186,0.040039137122308034,-0.2536410244155577,0.19011168929100583,-0.21897864160216104,-0.14938277894008972,0.09717483609838592,-0.13554073207872686,-0.08594328753317132,0.949965512409421,-0.0215438788591014,-0.07825083322897623,-0.09840154663395993,0.028726571896850808,-0.0478998797971366,0.04026213227329158,-0.25347822293179756,0.18968938587024578,-0.14907014385233522,-0.21848340929712454,0.09755611888899017,-0.13564714562493435,0.9497635954967849,-0.08845377456522895,-0.022373901740014975,-0.0783387361963695,-0.09847402617278439,0.029047162956615292,-0.052701977622859275,-0.04835750898967504,0.0535015831419365,0.1883506259846488,-0.24737893209517084,-0.14704386270373554,-0.21759101140128081,-0.13418510867718703,-0.08210880719373828,0.9523243920904682,-0.22569786105274628,-0.012811305474002324,-0.07681782412493587,-0.09678892988005722,0.05559056826642367,-0.04751202747846936,0.04532554640438538,0.00477237187994615
k12_GEP1,-0.28837420472564346,0.1960963003581977,-0.19855688552253067,-0.10309525564656204,0.1721911301507147,0.07225183776205686,-0.12978732713479355,-0.03004551036600725,-0.32314586887985036,0.3016694924509577,0.0354962751294395,1.0,-0.38003424342068504,-0.3143792898318783,-0.20443860879644712,-0.22447459829429633,-0.12553875675572096,-0.2387292989703782,-0.18447854968125482,-0.0982679752950684,-0.09080736206701315,-0.14960716480039682,-0.024442961951492096,0.8288822169802087,-0.38265676688505135,-0.2417096852326824,-0.31625339116028306,-0.21253858128354816,0.40901599935314215,-0.13599034351191852,-0.19162664315860056,-0.16644746313046727,0.44297203906960375,-0.10824247749519766,-0.1012173760232655,-0.06701498424494066,0.8294595333933329,-0.38132308898333844,-0.2407592873139098,-0.31313779063352465,-0.21201251605657828,0.4085177046388257,-0.13572421791536432,-0.18932841912315254,-0.16629475728717105,0.4430703766215043,-0.10651356938641532,-0.0966410235610415,-0.06674485347284848,-0.09244358356131821,0.8298616692842696,-0.3807545879341244,-0.24049558508865126,-0.21155038734372322,-0.31116925918313304,0.40950876478575915,-0.13593761745884755,-0.16631446738013667,-0.18962711644796504,0.43959901224803416,-0.10651339859489256,-0.09666505444103259,-0.06590913686036096,-0.11473837048432078,-0.0924372538854215,0.8882178768825785,-0.23871918635310116,-0.37664400436469325,-0.20510309187087916,-0.31030588688846933,-0.13126873034853015,-0.1774975421242215,-0.1563124942438018,-0.3313686820451118,0.4658830654275719,-0.10134551232067567,-0.09040625644949667,0.053523662436657383,-0.0917095076058873,-0.04689979786074716,-0.06468296721990871
k12_GEP2,0.9951325143181031,-0.4483414776444617,0.17865367380716812,-0.09424251107031036,-0.30334520425354805,-0.17501983572728272,-0.08490328136057275,-0.20895346803562942,-0.24402758706318015,-0.2038259234453734,-0.25467123617114024,-0.38003424342068504,1.0,0.2125606137495707,-0.05916547082902777,-0.29023411657274245,-0.19267915794360738,-0.2891239643788126,-0.06635063579088643,-0.11739504050499966,-0.14179066505524215,-0.1901313894908043,-0.10146539634418747,-0.33157411969227674,0.9999544249431288,-0.2990865509772699,0.21213026011219974,-0.0545828636355631,-0.2394287834055821,-0.18695234810464592,-0.06266473202105877,-0.1759577757610762,-0.12398086844369319,-0.11260346259258507,-0.13685866386913856,-0.07957256411616466,-0.33172628538225774,0.9994326286682417,-0.29908407847414537,0.2115447870870964,-0.05468585730425545,-0.2391777709713246,-0.18710902636656326,-0.0630351743357714,-0.17570712033557667,-0.12404682680119809,-0.11296525703696088,-0.13746101023813728,-0.07956137265917419,0.03250612872251827,-0.33198083432589387,0.9993944648436769,-0.2990837019626667,-0.05504198475643152,0.21071208594667062,-0.23931540764182713,-0.18714620742442847,-0.17584753411568718,-0.06034014824200442,-0.12210916625645586,-0.11292723802506321,-0.13755698587303294,-0.07984300232194845,0.026558078954458508,0.032599143982669,-0.36232900755843567,-0.30034942722202335,0.9830609900316916,-0.059870715420045156,0.20779787222818813,-0.1907793504993011,-0.0753014445526784,-0.18251854465815068,0.8758577904916218,-0.13909619294493392,-0.11685117980224352,-0.14155615743013358,-0.13288371384393174,0.03110717996393981,-0.051945846262685315,-0.05509627991198663
k12_GEP3,0.18867486173931194,-0.3765360559297368,0.9924931082858437,-0.010007536614044599,-0.2576900349056255,-0.14554253153295352,-0.018036288792554936,-0.18189206306023123,-0.20851247293684408,-0.18038763047428458,-0.22195425871378618,-0.3143792898318783,0.2125606137495707,1.0,0.019575367959919918,-0.23975568185893562,-0.16697659733774076,-0.24517617117748303,-0.002981208396121716,-0.09546755693567384,-0.1102422402803764,-0.16814660885818508,-0.09258499454635524,-0.27564523371494803,0.21236178245119755,-0.248692519362771,0.9995497478537885,0.022854506785193764,-0.20901647861925013,-0.16182562608411058,-0.0015964493255917734,-0.15643296470701676,-0.09381825674068492,-0.09181192045012931,-0.10775622771250035,-0.07337974919760432,-0.27578885143882337,0.21206962823391545,-0.2484677576378524,0.9984246231095033,0.02280451560114774,-0.2090515651185946,-0.16210320051414875,-0.001191084828268222,-0.15635178213459341,-0.09406918594222853,-0.09205866221434146,-0.10878921419509238,-0.07322814524879287,0.0523883578419738,-0.27635248979538957,0.21121641243689088,-0.24836363341248938,0.021731146214620613,0.9944616729700707,-0.2102706820606838,-0.16156454454174438,-0.15663156711871007,0.011728633512408524,-0.09117474496344928,-0.09176514180295707,-0.10863667135725215,-0.0735359273696858,0.1711317384485637,0.054159642769000614,-0.3019054916366094,-0.24806106911526446,0.19976132359095033,0.019381678551191616,0.9977549808603017,-0.16359605535612123,-0.004668046436083096,-0.1612287159497059,0.20771958577344257,-0.10514470946335594,-0.09392574519703513,-0.11114335347450922,-0.11801670014754963,0.05290032001436546,-0.0442362721162975,-0.05226609350856986
k12_GEP4,-0.08006581687291518,-0.2576972139432911,-0.001205177618986929,0.9945431249036744,-0.028137585442406875,-0.006936797523166207,0.009078664534677908,-0.047488017535988004,-0.1730667106678528,-0.03824854600066177,-0.14870744229251961,-0.20443860879644712,-0.05916547082902777,0.019575367959919918,1.0,-0.1713170852476221,-0.015071113649766963,-0.19540729042872387,0.020237571971946346,0.02376012627136887,0.022633859918061834,-0.11318568183294565,0.02304782703883512,-0.20576482629886814,-0.05870774277626675,-0.18570756903493377,0.01912351630829046,0.9992345749385841,-0.062051859894150366,-0.01199072032656639,0.02002704798279413,-0.11390950110171678,-0.0379507412756038,0.026263209538836547,0.02591238282581333,0.03176405780235502,-0.2063855123794288,-0.05983808620777609,-0.18678364420185384,0.01646880241209712,0.9991645160929488,-0.061622763609935474,-0.011902627149627048,0.017177392072110297,-0.11371337798634017,-0.0378394038869001,0.02473887847359737,0.02116817570151025,0.03128898810512154,0.045048715995001175,-0.2060124995193754,-0.06024332438215784,-0.1868399099340573,0.9991613444182741,0.013640834110153873,-0.0621162425110655,-0.012226100402188116,-0.11405089403567369,0.011707171431847437,-0.03816653157275421,0.024360723262614695,0.020922377467759046,0.030714297005323524,0.0430119141672201,0.0433655199956087,-0.21143897264184958,-0.1860789810125213,-0.0503751644305804,0.9997400299134929,0.01568532846410724,-0.012181356272335717,0.012469444883206964,-0.11591883989375619,-0.07475723384550752,-0.04165169324541672,0.02442711402458481,0.020440625113140716,0.005701626637835948,0.043288023890538874,0.019728052161319693,0.023620807229729437
k12_GEP5,-0.3296233794213986,0.9090408873198413,-0.28169512243421696,-0.20289327016603168,-0.2496548598583178,-0.13913052948160218,-0.11870258448736165,-0.17158724730696506,0.6988839811597082,-0.1444090280757583,0.19311655005922324,-0.22447459829429633,-0.29023411657274245,-0.23975568185893562,-0.1713170852476221,1.0,-0.15194138125845108,0.6916995847435671,-0.10105528348097305,-0.08755591926107424,-0.09596004005698269,0.2465119665841182,-0.040384894930515294,-0.1764269032056727,-0.2885853426912109,0.970955770652254,-0.23922431506568112,-0.16615794930889416,-0.14507090030437989,-0.14595240853800287,-0.09619068055379333,0.1809722210388366,-0.04797101001771788,-0.08121503908185551,-0.08738818584872336,-0.011390825824635353,-0.1766742569926134,-0.2886805774450854,0.9700399228775012,-0.23986623486712372,-0.16655007253210138,-0.14476108140439908,-0.14589322635375976,-0.09710340731971479,0.18041634233856726,-0.04780383362117051,-0.08155437541667532,-0.08819689930831297,-0.01152950379094218,-0.007871127772890858,-0.17641914616659726,-0.28848408014575583,0.9701428267572663,-0.1661541120856904,-0.23899779286422707,-0.14443763314213667,-0.14589742515558946,0.18093922216357744,-0.09911597366233846,-0.04755687484949334,-0.08158202022078492,-0.08824288976412206,-0.0116774422888393,-0.0673605987330042,-0.00833834035295359,-0.2083715085071445,0.9702045366300253,-0.29137503337182713,-0.1696246335568636,-0.23733773732225866,-0.14830145274827014,-0.09729216760951459,0.17762802889023488,-0.23336183286393555,-0.060822654380611366,-0.08375642217392767,-0.09136182922695134,-0.025899751451923077,-0.007198590366750757,-0.015430147973866671,-0.009757137844488797
k12_GEP6,-0.21546869419824036,-0.22878282379075351,-0.19284115373420196,-0.033903413249218285,0.650954273127292,0.013855765807860807,-0.028824073878427812,0.9791661151340186,-0.12562871999126438,-0.10846040995673464,-0.13347469346425644,-0.12553875675572096,-0.19267915794360738,-0.16697659733774076,-0.015071113649766963,-0.15194138125845108,1.0,-0.14320200452251464,-0.02206853895909,0.053547499377932184,0.20862240907342594,-0.10344037593934848,-0.05682766229084951,-0.07271854088374145,-0.19116354670041588,-0.15138660694925085,-0.16629731722171331,-0.012861168972515645,-0.03945034917039437,0.9992650580501697,-0.019393012958702723,-0.09636475428308093,-0.10350900499983687,0.05462314302564858,0.21043290132659065,-0.05477854228158938,-0.07216018188822262,-0.1901695386350581,-0.15056673807837626,-0.16439398984582038,-0.01234432611759468,-0.03949705759347365,0.9992657375649896,-0.01794063134857391,-0.09622401413677935,-0.10360132749651958,0.05569189434518084,0.21341434665647774,-0.05450809406612763,-0.037055223905531336,-0.07177448575286186,-0.19010491268497662,-0.1505593433846368,-0.012140834268038735,-0.16443435709265897,-0.039101558137061024,0.999195254125274,-0.09636151087508944,-0.020762414509358,-0.10431088028414764,0.05524724403637015,0.21341199876778033,-0.054957148410181046,-0.028194294937162915,-0.037138653258426545,-0.07553035705982611,-0.14962777538320746,-0.1882722855959937,-0.013284775038017128,-0.16402697648528217,0.9996430475780701,-0.016243092255905065,-0.09845961686620491,-0.16168548092602528,-0.11069076989919104,0.05441180775660339,0.21182612547744292,-0.07294420184202181,-0.03706604280982403,-0.02162975083541507,-0.03744170131127027
k12_GEP7,-0.3211469367824694,0.6261435841710905,-0.28283310585335975,-0.21977401960953927,-0.21919113445234314,-0.13281579219865702,-0.10532530100804045,-0.15543972910153983,0.9944342283259052,-0.07853633093071165,0.45187036023381416,-0.2387292989703782,-0.2891239643788126,-0.24517617117748303,-0.19540729042872387,0.6916995847435671,-0.14320200452251464,1.0,-0.09350127784638192,-0.0901811280503366,-0.09959363254169498,0.488081135663451,-0.005470188920127803,-0.19102154034152174,-0.2883358487752149,0.8253859977733539,-0.24583517752635173,-0.19289507762508998,-0.06869911047486939,-0.1408202822469169,-0.09103940072232802,0.5896975140640364,-0.1263053379408342,-0.08932287003197854,-0.09966205066100534,-0.002654017044872316,-0.19014583984308553,-0.28710895114133983,0.8263373593618822,-0.2433256288056831,-0.19253420504418725,-0.06872905361433178,-0.14085883758487364,-0.08900966110248913,0.588917730113221,-0.12650506625659735,-0.0879296901594471,-0.09544939403564784,-0.002279241485380429,-0.0637147412347911,-0.18995709173698586,-0.286832392799464,0.8259498168060757,-0.19215096177746277,-0.24177795872057622,-0.0682105858549364,-0.14078302275444238,0.5897475438839483,-0.09050560982464893,-0.12619842071290818,-0.087814488993346,-0.09544363320011504,-0.00215132050936613,-0.07280363718857358,-0.06374222622767683,-0.2034558138525226,0.8248076512369673,-0.27736070207418506,-0.193040937487688,-0.2405975714691983,-0.14126042735736719,-0.087668181022199,0.5915490135220081,-0.26442983321204255,-0.12907272041941106,-0.0884660734329636,-0.09641716333177437,0.012544826780947219,-0.06248799970557724,-0.02624856484698416,-0.005798705536519932
k12_GEP8,-0.08416945448481862,-0.16693483688646407,-0.021125734051384164,0.0053410876800184795,-0.07738275661979431,-0.03541718314107681,0.9983084390785933,-0.035790185452569616,-0.07975983791043764,-0.07743190895441711,-0.0864336588823655,-0.18447854968125482,-0.06635063579088643,-0.002981208396121716,0.020237571971946346,-0.10105528348097305,-0.02206853895909,-0.09350127784638192,1.0,-0.008661461103681371,-0.04325567175003244,-0.059515550152092096,-0.02938156266366985,-0.16794107969168734,-0.06617669344006806,-0.10134615084759556,-0.0013163683966352143,0.02115670478991344,-0.03904383867696381,-0.020443374077631887,0.9994066172539577,-0.05404595835773526,-0.07365743636303035,-0.006500808847852934,-0.03992174066427572,-0.02595084963386021,-0.16909104660825566,-0.06805968372237531,-0.1031177654366388,-0.0055125856840256785,0.020249020903265212,-0.03902482103817669,-0.0204638634363834,0.9965330595778646,-0.0540764496117773,-0.07358819466457614,-0.008800865145556948,-0.04605350516396253,-0.026493369845406775,0.11406600344996466,-0.17026219430172923,-0.06866627348863664,-0.10338746179858183,0.019692363404276353,-0.00504110950932799,-0.0402430089151908,-0.020634249368315614,-0.05451229921258224,0.9878140428221517,-0.07194244305157106,-0.008361810512839506,-0.0458220170697837,-0.02686175419724957,0.2255076881636274,0.11379048543497719,-0.1698329571802436,-0.10238704442869861,-0.04999069041240295,0.020823243823261697,-0.008660092811402231,-0.020709976604285522,0.995984913471664,-0.054391392139265055,-0.09525421529086256,-0.07099060856644865,-0.007872570030970088,-0.045717209114700896,-0.02700758433260745,0.11542647715904465,-0.01592977886412812,-0.027199002442191762
k12_GEP9,-0.13474852627589098,-0.15096070167364717,-0.11581408555179135,0.010072438942719225,-0.04495708778222072,0.9842053387909866,-0.015704947519055934,0.047544211549149645,-0.07512772366310697,-0.07930345435170763,-0.07776099873459383,-0.0982679752950684,-0.11739504050499966,-0.09546755693567384,0.02376012627136887,-0.08755591926107424,0.053547499377932184,-0.0901811280503366,-0.008661461103681371,1.0,0.020165194045375614,-0.05132490805376505,-0.03462317513139566,-0.06184495944421888,-0.11650268633680196,-0.09074953642353806,-0.09420346060229515,0.024898806913565125,-0.016114939751031596,0.054130546002957,-0.00821490010911196,-0.050820841669204614,-0.08035016591995113,0.9994273160726991,0.020864740731746056,-0.03276198572154698,-0.06192563879341146,-0.11657579507625461,-0.0905874990502604,-0.09444561751163881,0.0248416219456287,-0.016087991452570224,0.05405934536733303,-0.008288187325737889,-0.05078711070150778,-0.080311480180212,0.9990156695973965,0.020346853778479043,-0.03274560689528785,0.018761756724630273,-0.06164217271892425,-0.11655585123506967,-0.09047160294825982,0.025155201981037763,-0.09402187134582614,-0.015891920635848756,0.05433942440943762,-0.05074849230121373,-0.008826615851077656,-0.08052493855193148,0.9989438059208714,0.020456193366788167,-0.032561893532030615,-0.008433837890724372,0.01898072763413805,-0.06288106259521367,-0.0899677314293114,-0.11892392804780594,0.024291728277485235,-0.09548099520762952,0.05312894253322934,-0.01011743685214028,-0.05220922075182124,-0.09275301258615308,-0.0843589358279183,0.9993652230750812,0.01918462500575017,-0.04360501003835528,0.018635844247950083,-0.010426151075161401,-0.021836368370729668
k12_GEP10,-0.15561601202442527,-0.14737756371936145,-0.12906606674595217,0.005895719296564973,0.7815467185666491,0.0274414373168636,-0.0611881391264789,0.1171580463193477,-0.08986010687157359,-0.09550474473261765,-0.09858963786826737,-0.09080736206701315,-0.14179066505524215,-0.1102422402803764,0.022633859918061834,-0.09596004005698269,0.20862240907342594,-0.09959363254169498,-0.04325567175003244,0.020165194045375614,1.0,-0.07328905532143086,-0.049541697842562515,-0.06003895538761514,-0.142103645230537,-0.09816038045016887,-0.11398693625797243,0.019204998652710595,-0.015182670622291413,0.20769758592704982,-0.04466804820763088,-0.07141090093852581,-0.07368190070064162,0.020683866682742587,0.9990389762165239,-0.049539585080202196,-0.06056511651672262,-0.14307770090779628,-0.09905107096428707,-0.11605822458863813,0.01873362115656145,-0.01547520360826445,0.20758256764917488,-0.04619253340991871,-0.07140243162799398,-0.07353050055783891,0.019382768325426975,0.994726265387942,-0.04971345616331013,0.06840760742731053,-0.06022029284917391,-0.14295587184930691,-0.09902408104068625,0.01894781177280625,-0.11584728497430326,-0.015275548039614626,0.20765014854626018,-0.07152456338026993,-0.04765837057267892,-0.07399673179984953,0.019277302017197778,0.9947173695744796,-0.05009849235429796,-0.01785833104379859,0.06830931255980448,-0.058146768406463115,-0.09839636710366705,-0.14364257124017857,0.01846535451763826,-0.11623874048850649,0.2071509263023274,-0.04579014550313162,-0.07232372331152194,-0.11635619145108951,-0.0778195478324205,0.018635694486384653,0.9952924490624875,-0.06242021986094561,0.06831662240558764,-0.02232835300140882,-0.029219114360811996
k12_GEP11,-0.2086893533529992,0.2011239893045262,-0.19091922057326002,-0.1297712355634478,-0.14672012037715512,-0.07623179845811155,-0.0656206480216019,-0.11185957262243464,0.48083225518036826,0.027035249696101524,0.9818145618043805,-0.14960716480039682,-0.1901313894908043,-0.16814660885818508,-0.11318568183294565,0.2465119665841182,-0.10344037593934848,0.488081135663451,-0.059515550152092096,-0.05132490805376505,-0.07328905532143086,1.0,0.05086157792129527,-0.1126659835539719,-0.18899522356667273,0.24102381096863346,-0.1662868787741739,-0.11222451776324086,0.013118870285757955,-0.10318826269995153,-0.05796216484728083,0.9667511277005953,-0.09734351421510985,-0.05012296601679201,-0.07251078027336753,0.05343977973040098,-0.11251405754537316,-0.18898536031369098,0.24146352103020416,-0.1658248948108839,-0.11219613096821238,0.013270653936621288,-0.10321234622825574,-0.058242797419300996,0.9669050879254543,-0.09737012448433574,-0.05007700603702991,-0.0719347385071076,0.053355821250838265,-0.025804612947652704,-0.11234944633065254,-0.18895284230587442,0.24100338269159977,-0.11195036869922924,-0.16594539443704928,0.013420667272313802,-0.10330898981845615,0.966683780908174,-0.06105303726349525,-0.09759842245587436,-0.05021366201803388,-0.07201748478169569,0.05347551584498363,-0.03075732338231543,-0.026386448199902365,-0.1132370768332658,0.23930495376683936,-0.1852907594593938,-0.11150631794593727,-0.1650113817567284,-0.1029550700952885,-0.056927675539498124,0.9667662169069272,-0.16479138668430537,-0.09426619595396543,-0.04985113432293081,-0.07180208560962421,0.05139036557969655,-0.02563499130379333,0.064507301328754,0.026726411412773935
k12_GEP12,-0.11019664526288264,-0.056499131708669194,-0.1041864170607107,0.017475009192999998,-0.08309496385733495,-0.046396377286643066,-0.03178243168370899,-0.05799990194663551,-0.010975747920978265,0.9435055240448532,0.0362110023846787,-0.024442961951492096,-0.10146539634418747,-0.09258499454635524,0.02304782703883512,-0.040384894930515294,-0.05682766229084951,-0.005470188920127803,-0.02938156266366985,-0.03462317513139566,-0.049541697842562515,0.05086157792129527,1.0,-0.014941617612027214,-0.10093242756927921,-0.03504134506837491,-0.08892620967884515,0.0190614518640758,0.18548382019485427,-0.06158769779622442,-0.031526631199152055,0.043937387925707914,-0.11108543692573696,-0.039053609667031114,-0.0552289417638499,0.9866975253768844,-0.014530007330933214,-0.10073201522354648,-0.03486336575776931,-0.08830826322161388,0.019215800837820037,0.18551592766737254,-0.06153572115275204,-0.03125135521020586,0.04402561948372228,-0.11114065051704196,-0.03869933621696897,-0.054318255942706326,0.9866584864691582,-0.021052156867294832,-0.015285046591429034,-0.10090794542763067,-0.03516526048710463,0.01921870421829634,-0.08863643131223085,0.1838705750963314,-0.06162194389621233,0.04431105557233202,-0.03339243368236921,-0.11070411022957602,-0.03879102150821024,-0.05427995043418829,0.9869198482501049,-0.010995330039432412,-0.021551374701468454,-0.018750328835523432,-0.040696810219387786,-0.09386333541034325,0.020428707038947058,-0.09028344021486641,-0.059651242285165704,-0.03110994632997732,0.044513654250225645,-0.11161724938752174,-0.08994256038002248,-0.037625968716942695,-0.05138171040967108,0.800282528953621,-0.022421166768635332,0.6543906748330776,0.8212904592243458
