,k5_GEP1,k5_GEP2,k5_GEP3,k5_GEP4,k5_GEP5,k6_GEP1,k6_GEP2,k6_GEP3,k6_GEP4,k6_GEP5,k6_GEP6,k7_GEP1,k7_GEP2,k7_GEP3,k7_GEP4,k7_GEP5,k7_GEP6,k7_GEP7,k8_GEP1,k8_GEP2,k8_GEP3,k8_GEP4,k8_GEP5,k8_GEP6,k8_GEP7,k8_GEP8
k5_GEP1,1.0,-0.5810585342900891,-0.25369788143031835,-0.18466541447433532,-0.18303868788753905,0.9995411752090804,-0.5830494685000691,-0.17980740823756838,-0.2325412634377367,-0.18210548068115193,-0.1179247856386626,0.9946098771016273,-0.5294787959619441,-0.1266822329091605,-0.24235224683080428,-0.19394039874054642,-0.10233463675365033,-0.2006225953821454,0.9691981670615342,0.07932107585798179,-0.5268783849174548,-0.2411286689923587,-0.1917119907872945,-0.09930974004875097,-0.22797168073602667,-0.2860942175305255
k5_GEP2,-0.5810585342900891,1.0,-0.31251376200004516,-0.3212044245905208,-0.060621693870959295,-0.5820580164435648,0.9999208048766379,-0.32480763874801605,-0.30325452436040323,-0.059870362862145324,-0.11516936938154461,-0.5602106375962432,0.9042248398002426,-0.3616318909087131,-0.2763994530034425,0.3359419789544958,-0.13072663340554563,-0.04443097775472048,-0.4943802862616896,-0.4614795206868233,0.905026266248951,-0.2706222913285289,0.33375494397344674,-0.12810086911317703,-0.01660127279749699,0.06856559821834998
k5_GEP3,-0.25369788143031835,-0.31251376200004516,1.0,-0.18335174903279622,-0.05018719299845449,-0.2519529254108763,-0.30719796591957466,-0.1851501434303723,0.8966261078611876,-0.05130948299715346,0.5113728785313713,-0.20953057476770978,-0.3277601096850106,-0.20706330125760325,0.8496037431792742,0.023088926090600374,0.4968517939252558,-0.04388880956470541,-0.17405592141792198,-0.2577599174347183,-0.319805317995519,0.8505795635320078,0.022486457796540675,0.49822215987012575,-0.025685232933642742,0.0259887525153318
k5_GEP4,-0.18466541447433532,-0.3212044245905208,-0.18335174903279622,1.0,0.07021653907015052,-0.18190302230303548,-0.32271147765173125,0.9999035865941625,-0.14670621180554855,0.07013524199439877,-0.13693827546106604,-0.24466593221038563,-0.30861230881441665,0.9967370843043767,-0.13039186719158136,-0.08937276831016341,-0.13232778954059984,0.06777448247792803,-0.3290984546605365,0.8383761203822608,-0.3190903032754938,-0.1405320045702166,-0.08963986948872342,-0.14162906958604407,0.054624727913032356,0.3993368785310966
k5_GEP5,-0.18303868788753905,-0.060621693870959295,-0.05018719299845449,0.07021653907015052,1.0,-0.18028509925646072,-0.06109810616620039,0.06977373306561854,-0.045022967643211745,0.9999436466775442,-0.029185808860955835,-0.169018597579213,-0.06444410785479711,0.05654132837776269,-0.04921781975327183,-0.006977739105190353,-0.02441380528609135,0.9996095413904161,-0.14924299801173144,-0.07173824199370812,-0.061321856914370754,-0.05011115808749401,-0.008489629322428412,-0.025211523792393893,0.9969881989761705,0.2692246458183088
k6_GEP1,0.9995411752090804,-0.5820580164435648,-0.2519529254108763,-0.18190302230303548,-0.18028509925646072,1.0,-0.5837192266760196,-0.1767479978697637,-0.24357970478658228,-0.1790402184559451,-0.09311496796751338,0.993847899157973,-0.5348277126963447,-0.12350694984301368,-0.2559132713707955,-0.18443845807711717,-0.07748037036641839,-0.19757168689793037,0.968308712911544,0.08100684624566756,-0.5322028601706392,-0.2546857111073983,-0.1822069031804655,-0.07451409482062012,-0.22487692027594494,-0.28299927261936325
k6_GEP2,-0.5830494685000691,0.9999208048766379,-0.30719796591957466,-0.32271147765173125,-0.06109810616620039,-0.5837192266760196,1.0,-0.32623113755263344,-0.302854786832051,-0.06023968430343488,-0.104267018140625,-0.5619994807016804,0.9018558563252125,-0.3631321585164225,-0.2772825584336277,0.34125935207751545,-0.11975790328279629,-0.044739276872759116,-0.4959951684619952,-0.46319338093647505,0.9027005664657592,-0.27148917790959093,0.33907628529919764,-0.11713685962210359,-0.01678225745895477,0.06843282164158353
k6_GEP3,-0.17980740823756838,-0.32480763874801605,-0.1851501434303723,0.9999035865941625,0.06977373306561854,-0.1767479978697637,-0.32623113755263344,1.0,-0.1535611583171761,0.06979978488284892,-0.12748200653136338,-0.24041401919764785,-0.31034118244468456,0.9973281786194862,-0.13795364195895107,-0.09398770522883614,-0.12266928569305142,0.06729165530023208,-0.3253616664941856,0.8407321409765819,-0.32086454967477424,-0.14809281964182142,-0.09422857817432574,-0.1319861583177283,0.05392147315777785,0.3967046867975507
k6_GEP4,-0.2325412634377367,-0.30325452436040323,0.8966261078611876,-0.14670621180554855,-0.045022967643211745,-0.24357970478658228,-0.302854786832051,-0.1535611583171761,1.0,-0.05045898494736673,0.07873036441449185,-0.18496060186656468,-0.3034007496624397,-0.17693361081505332,0.9897684823197476,-0.012795560266902038,0.06483213746238152,-0.043324289522174333,-0.15355375822762957,-0.2199885465443765,-0.29636625523222987,0.9898534336722769,-0.013435143249077401,0.06643193428505197,-0.02790691376141931,0.020481559050884272
k6_GEP5,-0.18210548068115193,-0.059870362862145324,-0.05130948299715346,0.07013524199439877,0.9999436466775442,-0.1790402184559451,-0.06023968430343488,0.06979978488284892,-0.05045898494736673,1.0,-0.021343161311610348,-0.16820669686082107,-0.06531495947851336,0.05667136870767439,-0.0554463604841829,-0.003324320145023966,-0.016562822298445582,0.9996456006193738,-0.14843832069499766,-0.07177042413375953,-0.06218466601884166,-0.056323410188175486,-0.00483343650885325,-0.017368298310109838,0.9970200317289818,0.2696557969512154
k6_GEP6,-0.1179247856386626,-0.11516936938154461,0.5113728785313713,-0.13693827546106604,-0.029185808860955835,-0.09311496796751338,-0.104267018140625,-0.12748200653136338,0.07873036441449185,-0.021343161311610348,1.0,-0.11191830727216023,-0.12843759302217678,-0.13119929687500498,-0.004657016941657701,0.030705115671789126,0.993930536459971,-0.0185987444954613,-0.09221306956858846,-0.16010875818892176,-0.12419445650689058,-0.0024805164327588074,0.030554574592626425,0.9940096941175577,-0.007430428699514101,0.014841498542028753
k7_GEP1,0.9946098771016273,-0.5602106375962432,-0.20953057476770978,-0.24466593221038563,-0.169018597579213,0.993847899157973,-0.5619994807016804,-0.24041401919764785,-0.18496060186656468,-0.16820669686082107,-0.11191830727216023,1.0,-0.5217041209529816,-0.1916221091173885,-0.19971438079207524,-0.16073093946014913,-0.09581825007847167,-0.1852705453215142,0.9882789481302354,-0.005124011654398234,-0.5172462236155054,-0.19763961506685118,-0.1588995404632517,-0.09205517605375015,-0.20922492608548526,-0.25946302042150743
k7_GEP2,-0.5294787959619441,0.9042248398002426,-0.3277601096850106,-0.30861230881441665,-0.06444410785479711,-0.5348277126963447,0.9018558563252125,-0.31034118244468456,-0.3034007496624397,-0.06531495947851336,-0.12843759302217678,-0.5217041209529816,1.0,-0.34230519638631685,-0.2644026925587233,-0.09795230243624163,-0.13472414717465223,-0.051744740613187415,-0.459939211879226,-0.42790633963467567,0.9997795577538717,-0.2586357052339039,-0.10022989805957515,-0.13214136263812182,-0.02683478157846052,0.05236037340974536
k7_GEP3,-0.1266822329091605,-0.3616318909087131,-0.20706330125760325,0.9967370843043767,0.05654132837776269,-0.12350694984301368,-0.3631321585164225,0.9973281786194862,-0.17693361081505332,0.05667136870767439,-0.13119929687500498,-0.1916221091173885,-0.34230519638631685,1.0,-0.16094937884397065,-0.10958859788034456,-0.12525876445552708,0.05244003502519275,-0.28403763112750025,0.8709655889165675,-0.3534817569846906,-0.17129324549379654,-0.10943359974265876,-0.13461661880687023,0.03595539791653519,0.3528697278712983
k7_GEP4,-0.24235224683080428,-0.2763994530034425,0.8496037431792742,-0.13039186719158136,-0.04921781975327183,-0.2559132713707955,-0.2772825584336277,-0.13795364195895107,0.9897684823197476,-0.0554463604841829,-0.004657016941657701,-0.19971438079207524,-0.2644026925587233,-0.16094937884397065,1.0,-0.039576614467221945,-0.02919151044036831,-0.04902037650249964,-0.17131240143958076,-0.200940959311161,-0.258126963292766,0.9999111081639103,-0.040259001762087826,-0.02761547164900166,-0.034386034965757026,0.017158294376156406
k7_GEP5,-0.19394039874054642,0.3359419789544958,0.023088926090600374,-0.08937276831016341,-0.006977739105190353,-0.18443845807711717,0.34125935207751545,-0.09398770522883614,-0.012795560266902038,-0.003324320145023966,0.030705115671789126,-0.16073093946014913,-0.09795230243624163,-0.10958859788034456,-0.039576614467221945,1.0,0.009745116697363694,0.00304882893195058,-0.14228724100487045,-0.1485995443747485,-0.09538993101289234,-0.03868423784124932,0.9999705462528767,0.010308282011441116,0.013458973861741342,0.031278634211526636
k7_GEP6,-0.10233463675365033,-0.13072663340554563,0.4968517939252558,-0.13232778954059984,-0.02441380528609135,-0.07748037036641839,-0.11975790328279629,-0.12266928569305142,0.06483213746238152,-0.016562822298445582,0.993930536459971,-0.09581825007847167,-0.13472414717465223,-0.12525876445552708,-0.02919151044036831,0.009745116697363694,1.0,-0.01368279506125657,-0.07811663400701772,-0.14743954689615438,-0.13072889882607508,-0.027188053124754172,0.009753091599262256,0.9999387772346185,-0.003594144102306519,0.004698778112606373
k7_GEP7,-0.2006225953821454,-0.04443097775472048,-0.04388880956470541,0.06777448247792803,0.9996095413904161,-0.19757168689793037,-0.044739276872759116,0.06729165530023208,-0.043324289522174333,0.9996456006193738,-0.0185987444954613,-0.1852705453215142,-0.051744740613187415,0.05244003502519275,-0.04902037650249964,0.00304882893195058,-0.01368279506125657,1.0,-0.1632807975635172,-0.08179903258315711,-0.04847935336448362,-0.049829706759406255,0.0014580416840664554,-0.014482607810078423,0.9986041244504247,0.2762389875029432
k8_GEP1,0.9691981670615342,-0.4943802862616896,-0.17405592141792198,-0.3290984546605365,-0.14924299801173144,0.968308712911544,-0.4959951684619952,-0.3253616664941856,-0.15355375822762957,-0.14843832069499766,-0.09221306956858846,0.9882789481302354,-0.459939211879226,-0.28403763112750025,-0.17131240143958076,-0.14228724100487045,-0.07811663400701772,-0.1632807975635172,1.0,-0.14325397442785753,-0.4526348047023175,-0.16761995115459302,-0.1413293010713031,-0.07314431526094169,-0.18156388059364534,-0.18704943418913125
k8_GEP2,0.07932107585798179,-0.4614795206868233,-0.2577599174347183,0.8383761203822608,-0.07173824199370812,0.08100684624566756,-0.46319338093647505,0.8407321409765819,-0.2199885465443765,-0.07177042413375953,-0.16010875818892176,-0.005124011654398234,-0.42790633963467567,0.8709655889165675,-0.200940959311161,-0.1485995443747485,-0.14743954689615438,-0.08179903258315711,-0.14325397442785753,1.0,-0.4449224586531837,-0.2128967277556448,-0.14492874191246796,-0.15721347734716487,-0.11051729949100447,-0.14379707489284685
k8_GEP3,-0.5268783849174548,0.905026266248951,-0.319805317995519,-0.3190903032754938,-0.061321856914370754,-0.5322028601706392,0.9027005664657592,-0.32086454967477424,-0.29636625523222987,-0.06218466601884166,-0.12419445650689058,-0.5172462236155054,0.9997795577538717,-0.3534817569846906,-0.258126963292766,-0.09538993101289234,-0.13072889882607508,-0.04847935336448362,-0.4526348047023175,-0.4449224586531837,1.0,-0.25214629563575,-0.09777656093398321,-0.12796942505171,-0.023049640505304954,0.06278214693957909
k8_GEP4,-0.2411286689923587,-0.2706222913285289,0.8505795635320078,-0.1405320045702166,-0.05011115808749401,-0.2546857111073983,-0.27148917790959093,-0.14809281964182142,0.9898534336722769,-0.056323410188175486,-0.0024805164327588074,-0.19763961506685118,-0.2586357052339039,-0.17129324549379654,0.9999111081639103,-0.03868423784124932,-0.027188053124754172,-0.049829706759406255,-0.16761995115459302,-0.2128967277556448,-0.25214629563575,1.0,-0.039411464266894305,-0.025476590378310862,-0.03487600104177012,0.019349455168628033
k8_GEP5,-0.1917119907872945,0.33375494397344674,0.022486457796540675,-0.08963986948872342,-0.008489629322428412,-0.1822069031804655,0.33907628529919764,-0.09422857817432574,-0.013435143249077401,-0.00483343650885325,0.030554574592626425,-0.1588995404632517,-0.10022989805957515,-0.10943359974265876,-0.040259001762087826,0.9999705462528767,0.009753091599262256,0.0014580416840664554,-0.1413293010713031,-0.14492874191246796,-0.09777656093398321,-0.039411464266894305,1.0,0.010290640543376002,0.01167426158424753,0.024629154440158313
k8_GEP6,-0.09930974004875097,-0.12810086911317703,0.49822215987012575,-0.14162906958604407,-0.025211523792393893,-0.07451409482062012,-0.11713685962210359,-0.1319861583177283,0.06643193428505197,-0.017368298310109838,0.9940096941175577,-0.09205517605375015,-0.13214136263812182,-0.13461661880687023,-0.02761547164900166,0.010308282011441116,0.9999387772346185,-0.014482607810078423,-0.07314431526094169,-0.15721347734716487,-0.12796942505171,-0.025476590378310862,0.010290640543376002,1.0,-0.00424587366661551,0.005050869684709229
k8_GEP7,-0.22797168073602667,-0.01660127279749699,-0.025685232933642742,0.054624727913032356,0.9969881989761705,-0.22487692027594494,-0.01678225745895477,0.05392147315777785,-0.02790691376141931,0.9970200317289818,-0.007430428699514101,-0.20922492608548526,-0.02683478157846052,0.03595539791653519,-0.034386034965757026,0.013458973861741342,-0.003594144102306519,0.9986041244504247,-0.18156388059364534,-0.11051729949100447,-0.023049640505304954,-0.03487600104177012,0.01167426158424753,-0.00424587366661551,1.0,0.29029338461934495
k8_GEP8,-0.2860942175305255,0.06856559821834998,0.0259887525153318,0.3993368785310966,0.2692246458183088,-0.28299927261936325,0.06843282164158353,0.3967046867975507,0.020481559050884272,0.2696557969512154,0.014841498542028753,-0.25946302042150743,0.05236037340974536,0.3528697278712983,0.017158294376156406,0.031278634211526636,0.004698778112606373,0.2762389875029432,-0.18704943418913125,-0.14379707489284685,0.06278214693957909,0.019349455168628033,0.024629154440158313,0.005050869684709229,0.29029338461934495,1.0
