,k5_GEP1,k5_GEP2,k5_GEP3,k5_GEP4,k5_GEP5,k6_GEP1,k6_GEP2,k6_GEP3,k6_GEP4,k6_GEP5,k6_GEP6,k7_GEP1,k7_GEP2,k7_GEP3,k7_GEP4,k7_GEP5,k7_GEP6,k7_GEP7,k8_GEP1,k8_GEP2,k8_GEP3,k8_GEP4,k8_GEP5,k8_GEP6,k8_GEP7,k8_GEP8
k5_GEP1,1.0,-0.47803434715694115,-0.3837069841356694,-0.3746052033498096,-0.15644985654536736,0.999791082965416,-0.45760438838812734,-0.37338407319847877,-0.3257917135452882,-0.2283890362381793,-0.1534434195822564,0.9992141213100769,-0.45227477321676707,-0.3661349307916927,-0.3218051458778353,-0.22476128923458513,-0.03552031854071438,-0.1417884712967535,0.9974324494164007,-0.4817265841800285,-0.3622576158981588,-0.3652756174535657,-0.14243227949578544,-0.05012419789523066,-0.16891462388632703,0.06403883964827657
k5_GEP2,-0.47803434715694115,1.0,-0.2631171895390193,-0.22756304515297682,-0.0576379480232685,-0.48075897980711013,0.9926157250280371,-0.22444804441874744,-0.24177014900387367,-0.05275686492336781,-0.056218027264422696,-0.4790785073550946,0.9915811605504031,-0.2243765870098847,-0.2427410704114345,-0.0525083941904967,-0.04957699056346809,0.0008918879400878994,-0.4860893065207378,0.997798299778526,-0.26141981678695897,-0.2227680030044786,-0.08507087507671594,0.004839453315468393,-0.04547725923720751,0.05955894679169154
k5_GEP3,-0.3837069841356694,-0.2631171895390193,1.0,-0.1610735219515756,-0.045759538674128526,-0.3828271182049374,-0.28496479017962234,-0.1655327151252861,0.8882837068061177,0.42700540611703175,-0.050449898500384005,-0.38312755481947,-0.28717286202880116,-0.16935543207571968,0.8874199432412037,0.4255220624207581,-0.07556595728943016,0.046719631137211615,-0.3765921432381814,-0.2561723880592592,0.9624882857089362,-0.16481318419968327,0.003713184081166307,0.021366832318625732,0.246086429408357,-0.10756714507614407
k5_GEP4,-0.3746052033498096,-0.22756304515297682,-0.1610735219515756,1.0,0.02744151348836431,-0.3710876519992597,-0.21853328898240018,0.9998883065721957,-0.12832105958855308,-0.10702989929240835,0.02870977647009524,-0.37028792411448685,-0.22060624764004144,0.9979111520733107,-0.12955162575589796,-0.107707747753614,0.007175080566257827,0.024846848023087887,-0.36598259122764515,-0.22036083425584072,-0.13281145065634772,0.9872648247174902,0.10695988177962813,0.0013073678456484873,-0.05534601139814403,-0.08429926158111187
k5_GEP5,-0.15644985654536736,-0.0576379480232685,-0.045759538674128526,0.02744151348836431,1.0,-0.1560380247395119,-0.05428947613462412,0.02822987755469831,-0.03589911811974117,-0.01995219396894555,0.9994232698130311,-0.15460780495711895,-0.05326659526206933,0.02735370022484319,-0.03507625440861298,-0.022770272403587595,0.7301457572775936,0.20218351889740624,-0.16066156697242776,-0.06733206419838633,-0.054162396952163176,0.00020102221247737432,0.678580117072482,0.04501777926248753,0.12425267458498168,0.08427905650076589
k6_GEP1,0.999791082965416,-0.48075897980711013,-0.3828271182049374,-0.3710876519992597,-0.1560380247395119,1.0,-0.4598613656763306,-0.3697452591356422,-0.32360284937168754,-0.23236389052671114,-0.15287291522733862,0.999430304362115,-0.45453622558729073,-0.36245321614726705,-0.3195874633880296,-0.22866508528872329,-0.03461325877739608,-0.1423900172995144,0.9973003237927703,-0.48433440501186786,-0.36062967948796465,-0.3620617203655433,-0.14077656564715885,-0.05187902220821467,-0.16978967284327823,0.06261244050125571
k6_GEP2,-0.45760438838812734,0.9926157250280371,-0.28496479017962234,-0.21853328898240018,-0.05428947613462412,-0.4598613656763306,1.0,-0.21399217559377626,-0.20810924537069544,-0.16836736106785333,-0.0493595338026991,-0.4580910033528156,0.9990606264122167,-0.21348829739178443,-0.209131391137121,-0.16719455442939138,-0.03946865421476848,-0.005461748230132987,-0.4697533416648421,0.991495810079037,-0.253731873912981,-0.21408404073806794,-0.09627429601035078,-0.015817299822393126,-0.09528985393534538,0.08937938979621655
k6_GEP3,-0.37338407319847877,-0.22444804441874744,-0.1655327151252861,0.9998883065721957,0.02822987755469831,-0.3697452591356422,-0.21399217559377626,1.0,-0.12736575693299343,-0.11915288631890139,0.029818645638256407,-0.3689268964682059,-0.2160527780658398,0.9980824850794919,-0.1285820050498076,-0.11977349525109537,0.008599335144297435,0.024154997326813754,-0.36520942058827427,-0.21723422546264884,-0.13458660347291176,0.9870993476726314,0.1065173328177546,-0.0005016966288921516,-0.059728117612931377,-0.08197731441993616
k6_GEP4,-0.3257917135452882,-0.24177014900387367,0.8882837068061177,-0.12832105958855308,-0.03589911811974117,-0.32360284937168754,-0.20810924537069544,-0.12736575693299343,1.0,-0.03283497673080159,-0.026624719522024377,-0.32346417639087754,-0.20988933207578167,-0.12968622459515156,0.9992081769903218,-0.0333461247481485,-0.042519551958868466,0.027607416294251664,-0.3344116415692404,-0.23151251989515073,0.9716645633719164,-0.1332031501998625,-0.04695933333218628,-0.02568456330273071,0.010366938981525,0.02360297655805174
k6_GEP5,-0.2283890362381793,-0.05275686492336781,0.42700540611703175,-0.10702989929240835,-0.01995219396894555,-0.23236389052671114,-0.16836736106785333,-0.11915288631890139,-0.03283497673080159,1.0,-0.04832733236273095,-0.23326300072912357,-0.16974076590806852,-0.1233248770221306,-0.03323564223222749,0.9962094382869254,-0.07969525382171361,0.05723479357930492,-0.19636655052331875,-0.058353448197943414,0.18432512891579256,-0.10455900234378235,0.09702301070434208,0.11942262895572026,0.49534159763571656,-0.26292952240433004
k6_GEP6,-0.1534434195822564,-0.056218027264422696,-0.050449898500384005,0.02870977647009524,0.9994232698130311,-0.15287291522733862,-0.0493595338026991,0.029818645638256407,-0.026624719522024377,-0.04832733236273095,1.0,-0.15131516682103052,-0.048234551430270244,0.02927347904093867,-0.025806529502699144,-0.05017893468690701,0.7345702068574355,0.19636478381281072,-0.15829371338791504,-0.06511636188737978,-0.05080964313754542,0.0018489636990414349,0.6746747790159715,0.03148969099383644,0.10810366458499783,0.09318495379747153
k7_GEP1,0.9992141213100769,-0.4790785073550946,-0.38312755481947,-0.37028792411448685,-0.15460780495711895,0.999430304362115,-0.4580910033528156,-0.3689268964682059,-0.32346417639087754,-0.23326300072912357,-0.15131516682103052,1.0,-0.4513731890064725,-0.35957474641982523,-0.3181884536105923,-0.22827209500507717,-0.011068534146543735,-0.17442044871542486,0.9982092071511789,-0.4816269105439163,-0.3592788048608734,-0.3628305426057059,-0.12210574543043416,-0.06226446012640487,-0.1839898966085176,0.043477095379207166
k7_GEP2,-0.45227477321676707,0.9915811605504031,-0.28717286202880116,-0.22060624764004144,-0.05326659526206933,-0.45453622558729073,0.9990606264122167,-0.2160527780658398,-0.20988933207578167,-0.16974076590806852,-0.048234551430270244,-0.4513731890064725,1.0,-0.2130064375027004,-0.2092772998644399,-0.16731625907724962,-0.010926771147988554,-0.04522950542832446,-0.4626842501116198,0.9915887988922641,-0.25416248791139867,-0.21792637436974713,-0.07355598148603781,-0.02460067332280175,-0.1141310023865928,0.06543228376417014
k7_GEP3,-0.3661349307916927,-0.2243765870098847,-0.16935543207571968,0.9979111520733107,0.02735370022484319,-0.36245321614726705,-0.21348829739178443,0.9980824850794919,-0.12968622459515156,-0.1233248770221306,0.02927347904093867,-0.35957474641982523,-0.2130064375027004,1.0,-0.1286427804151979,-0.12116190380893838,0.05007368337849006,-0.036436321144756506,-0.35523513300024395,-0.21510261070239348,-0.1350143514262029,0.9823769971535949,0.13743123475844468,-0.024808625052504432,-0.08624973014427359,-0.1158984488879978
k7_GEP4,-0.3218051458778353,-0.2427410704114345,0.8874199432412037,-0.12955162575589796,-0.03507625440861298,-0.3195874633880296,-0.209131391137121,-0.1285820050498076,0.9992081769903218,-0.03323564223222749,-0.025806529502699144,-0.3181884536105923,-0.2092772998644399,-0.1286427804151979,1.0,-0.03326808998575113,-0.017925294677622394,-0.006787880631571191,-0.32881118397239745,-0.2318083909941468,0.9721758517836678,-0.13658664395920697,-0.025215419088771136,-0.0257280661069955,-0.007685393142652825,0.00020621355301127676
k7_GEP5,-0.22476128923458513,-0.0525083941904967,0.4255220624207581,-0.107707747753614,-0.022770272403587595,-0.22866508528872329,-0.16719455442939138,-0.11977349525109537,-0.0333461247481485,0.9962094382869254,-0.05017893468690701,-0.22827209500507717,-0.16731625907724962,-0.12116190380893838,-0.03326808998575113,1.0,-0.047182445102987365,0.007491832097373316,-0.19052514728666173,-0.054018838986733694,0.18617040238297242,-0.10477128471787887,0.10709454496648699,0.033715698452755266,0.4936904452348274,-0.2742943493948068
k7_GEP6,-0.03552031854071438,-0.04957699056346809,-0.07556595728943016,0.007175080566257827,0.7301457572775936,-0.03461325877739608,-0.03946865421476848,0.008599335144297435,-0.042519551958868466,-0.07969525382171361,0.7345702068574355,-0.011068534146543735,-0.010926771147988554,0.05007368337849006,-0.017925294677622394,-0.047182445102987365,1.0,-0.5210600476979365,-0.009306331952078147,-0.03190248835029716,-0.038812480793352824,-0.040240465031987596,0.830717850811355,-0.2849376899243331,-0.1968138298825793,-0.29433159145819493
k7_GEP7,-0.1417884712967535,0.0008918879400878994,0.046719631137211615,0.024846848023087887,0.20218351889740624,-0.1423900172995144,-0.005461748230132987,0.024154997326813754,0.027607416294251664,0.05723479357930492,0.19636478381281072,-0.17442044871542486,-0.04522950542832446,-0.036436321144756506,-0.006787880631571191,0.007491832097373316,-0.5210600476979365,1.0,-0.18571398753469603,-0.03609874217262561,-0.007674850484802636,0.05938677327796646,-0.3501917605279757,0.45694937112784983,0.4207899462437148,0.5402128678495831
k8_GEP1,0.9974324494164007,-0.4860893065207378,-0.3765921432381814,-0.36598259122764515,-0.16066156697242776,0.9973003237927703,-0.4697533416648421,-0.36520942058827427,-0.3344116415692404,-0.19636655052331875,-0.15829371338791504,0.9982092071511789,-0.4626842501116198,-0.35523513300024395,-0.32881118397239745,-0.19052514728666173,-0.009306331952078147,-0.18571398753469603,1.0,-0.4868037429310867,-0.3585489422266077,-0.359908576198321,-0.11902639060275089,-0.067249114305771,-0.19439240557870024,0.037857356579432525
k8_GEP2,-0.4817265841800285,0.997798299778526,-0.2561723880592592,-0.22036083425584072,-0.06733206419838633,-0.48433440501186786,0.991495810079037,-0.21723422546264884,-0.23151251989515073,-0.058353448197943414,-0.06511636188737978,-0.4816269105439163,0.9915887988922641,-0.21510261070239348,-0.2318083909941468,-0.054018838986733694,-0.03190248835029716,-0.03609874217262561,-0.4868037429310867,1.0,-0.2472573649208119,-0.21625380750528558,-0.08792589651049751,-0.04076114384723372,-0.07946111254893089,0.06547149684951523
k8_GEP3,-0.3622576158981588,-0.26141981678695897,0.9624882857089362,-0.13281145065634772,-0.054162396952163176,-0.36062967948796465,-0.253731873912981,-0.13458660347291176,0.9716645633719164,0.18432512891579256,-0.05080964313754542,-0.3592788048608734,-0.25416248791139867,-0.1350143514262029,0.9721758517836678,0.18617040238297242,-0.038812480793352824,-0.007674850484802636,-0.3585489422266077,-0.2472573649208119,1.0,-0.13775394738720984,-0.030197689730913434,-0.03155896024654674,0.05136102335082464,-0.021510837825736755
k8_GEP4,-0.3652756174535657,-0.2227680030044786,-0.16481318419968327,0.9872648247174902,0.00020102221247737432,-0.3620617203655433,-0.21408404073806794,0.9870993476726314,-0.1332031501998625,-0.10455900234378235,0.0018489636990414349,-0.3628305426057059,-0.21792637436974713,0.9823769971535949,-0.13658664395920697,-0.10477128471787887,-0.040240465031987596,0.05938677327796646,-0.359908576198321,-0.21625380750528558,-0.13775394738720984,1.0,0.02084874897556727,-0.012563325600593846,-0.06858931980225108,0.002733527283403791
k8_GEP5,-0.14243227949578544,-0.08507087507671594,0.003713184081166307,0.10695988177962813,0.678580117072482,-0.14077656564715885,-0.09627429601035078,0.1065173328177546,-0.04695933333218628,0.09702301070434208,0.6746747790159715,-0.12210574543043416,-0.07355598148603781,0.13743123475844468,-0.025215419088771136,0.10709454496648699,0.830717850811355,-0.3501917605279757,-0.11902639060275089,-0.08792589651049751,-0.030197689730913434,0.02084874897556727,1.0,-0.022542950163862947,0.07277352225222329,-0.6496695538463134
k8_GEP6,-0.05012419789523066,0.004839453315468393,0.021366832318625732,0.0013073678456484873,0.04501777926248753,-0.05187902220821467,-0.015817299822393126,-0.0005016966288921516,-0.02568456330273071,0.11942262895572026,0.03148969099383644,-0.06226446012640487,-0.02460067332280175,-0.024808625052504432,-0.0257280661069955,0.033715698452755266,-0.2849376899243331,0.45694937112784983,-0.067249114305771,-0.04076114384723372,-0.03155896024654674,-0.012563325600593846,-0.022542950163862947,1.0,-0.008689383561816023,0.0277293555896874
k8_GEP7,-0.16891462388632703,-0.04547725923720751,0.246086429408357,-0.05534601139814403,0.12425267458498168,-0.16978967284327823,-0.09528985393534538,-0.059728117612931377,0.010366938981525,0.49534159763571656,0.10810366458499783,-0.1839898966085176,-0.1141310023865928,-0.08624973014427359,-0.007685393142652825,0.4936904452348274,-0.1968138298825793,0.4207899462437148,-0.19439240557870024,-0.07946111254893089,0.05136102335082464,-0.06858931980225108,0.07277352225222329,-0.008689383561816023,1.0,-0.222662718705164
k8_GEP8,0.06403883964827657,0.05955894679169154,-0.10756714507614407,-0.08429926158111187,0.08427905650076589,0.06261244050125571,0.08937938979621655,-0.08197731441993616,0.02360297655805174,-0.26292952240433004,0.09318495379747153,0.043477095379207166,0.06543228376417014,-0.1158984488879978,0.00020621355301127676,-0.2742943493948068,-0.29433159145819493,0.5402128678495831,0.037857356579432525,0.06547149684951523,-0.021510837825736755,0.002733527283403791,-0.6496695538463134,0.0277293555896874,-0.222662718705164,1.0
