,k5_GEP1,k5_GEP2,k5_GEP3,k5_GEP4,k5_GEP5,k6_GEP1,k6_GEP2,k6_GEP3,k6_GEP4,k6_GEP5,k6_GEP6,k7_GEP1,k7_GEP2,k7_GEP3,k7_GEP4,k7_GEP5,k7_GEP6,k7_GEP7,k8_GEP1,k8_GEP2,k8_GEP3,k8_GEP4,k8_GEP5,k8_GEP6,k8_GEP7,k8_GEP8
k5_GEP1,1.0,-0.6534079314006994,-0.18668853619852868,-0.30179186837545546,-0.17758483894774485,0.9965927414258413,-0.6236500154794655,-0.21490945397196431,-0.2147243443537664,-0.30327064458263603,-0.18762792638109912,0.7426087270196529,-0.5975222089276139,0.519584457748591,-0.24247306911493766,-0.23871866564767527,-0.32860911216434374,-0.18305284569374466,0.7468069258910651,-0.5966543987636271,0.5125635493768643,-0.2141186497406787,-0.23826458410045592,-0.3236017607062226,-0.18246667104701203,-0.1335387854003737
k5_GEP2,-0.6534079314006994,1.0,-0.36757128148503215,-0.018684978776992153,-0.2189955497733326,-0.6476357690949958,0.9641785916400468,-0.34496306434356494,0.18845202555175575,-0.018334739810066378,-0.19931196950413954,-0.538899852354873,0.9445236819221549,-0.2776249964412021,-0.3233132534894224,0.19420616227314103,0.021757160536876763,-0.20336711891365708,-0.5391354915029969,0.944509615115906,-0.27371214716314474,-0.31602223270933505,0.1970849576301294,0.026406375400182792,-0.20203255358522287,-0.1333818230363711
k5_GEP3,-0.18668853619852868,-0.36757128148503215,1.0,-0.11413633553219234,-0.11645505841419926,-0.18201909808159705,-0.3476548747560865,0.9988513045529107,-0.09762075788948843,-0.11306816242762655,-0.12336009587196456,-0.06796696584751391,-0.3375830701029672,-0.15130625648232635,0.9970858234861835,-0.10256195210365339,-0.11756437677434961,-0.12268475910401389,-0.07695917295248628,-0.3387382504579987,-0.146869589515069,0.9591388781303735,-0.10593510350514387,-0.13188817409454823,-0.12504356922016494,0.38650566447220763
k5_GEP4,-0.30179186837545546,-0.018684978776992153,-0.11413633553219234,1.0,0.051225410835337624,-0.3096190822343404,-0.04650369403766811,-0.10669652284133652,0.1550796267309311,0.9980751234596865,0.04069156344103904,-0.27626142735783604,-0.06590737628469483,-0.10820507547120192,-0.0933335211786671,0.1933236940219068,0.9822868319838136,0.04067846678814287,-0.2730841811815095,-0.06646701525568038,-0.10741494357510632,-0.11776798313095885,0.19097602759438817,0.9809933759732898,0.040056479968951966,0.062047364776954175
k5_GEP5,-0.17758483894774485,-0.2189955497733326,-0.11645505841419926,0.051225410835337624,1.0,-0.1831182550640184,-0.21345620806271276,-0.11171113458792031,0.07827993374884636,0.05686676808816459,0.9953638025826618,-0.2100147086094099,-0.2192512928519002,-0.004996135528355818,-0.10552603254595982,0.07813444187967522,0.05212794022962846,0.9932852628885275,-0.20930691046337177,-0.21893086241832257,-0.003997538992858601,-0.10404357835599869,0.07815131233354891,0.05368496299453714,0.9932842519966184,-0.035038751333502975
k6_GEP1,0.9965927414258413,-0.6476357690949958,-0.18201909808159705,-0.3096190822343404,-0.1831182550640184,1.0,-0.5967826684971212,-0.20744776085948283,-0.2930128974413215,-0.30714760132838215,-0.1854720114018781,0.753321351681802,-0.5661544652182985,0.5118200229171467,-0.23488135708387012,-0.31628300534986203,-0.32896396555307317,-0.17929025099284826,0.7571634217208539,-0.5652521591647692,0.5047756092978678,-0.20484314000090242,-0.3156871031930522,-0.32368218961035317,-0.17870136199574116,-0.13614384514941047
k6_GEP2,-0.6236500154794655,0.9641785916400468,-0.3476548747560865,-0.04650369403766811,-0.21345620806271276,-0.5967826684971212,1.0,-0.31679905236867967,-0.07541041240475523,-0.03494364545620444,-0.16993049871713264,-0.4837684624383416,0.9965966179123381,-0.2698983192066112,-0.295329452904359,-0.06644697650397519,0.010266065463075597,-0.1686998892430245,-0.48394550525718005,0.9965694313910965,-0.2663858864492643,-0.28851151803605746,-0.06364266795836472,0.0144973153278658,-0.16760459153746488,-0.12199995950946062
k6_GEP3,-0.21490945397196431,-0.34496306434356494,0.9988513045529107,-0.10669652284133652,-0.11171113458792031,-0.20744776085948283,-0.31679905236867967,1.0,-0.12472336136044476,-0.10397400199078276,-0.11497357679564468,-0.08596071525921276,-0.3055718876707086,-0.1658543486002192,0.9993012729804028,-0.1283981281167264,-0.10620472089269252,-0.11374367205452565,-0.09457505854236786,-0.3068207910650505,-0.16129817628732235,0.9579477227314925,-0.13189500220839068,-0.12122337627822029,-0.11623067070005866,0.39723216291423846
k6_GEP4,-0.2147243443537664,0.18845202555175575,-0.09762075788948843,0.1550796267309311,0.07827993374884636,-0.2930128974413215,-0.07541041240475523,-0.12472336136044476,1.0,0.11134911829378892,-0.009006299363553301,-0.3092850480386294,-0.13685205143755758,-0.04843254216366149,-0.11996845901823597,0.9928558990279766,0.08425607409087502,-0.02934926962375913,-0.30910619431901487,-0.13684396339105037,-0.0462777576901686,-0.12152970406142904,0.992841928348836,0.08571381855482454,-0.02848032115535494,-0.039161830979731395
k6_GEP5,-0.30327064458263603,-0.018334739810066378,-0.11306816242762655,0.9980751234596865,0.05686676808816459,-0.30714760132838215,-0.03494364545620444,-0.10397400199078276,0.11134911829378892,1.0,0.05057746917232975,-0.2724786890090144,-0.051620875669492146,-0.10898875188159719,-0.09043725543549615,0.14816886804386042,0.9898008551691643,0.05157068094189575,-0.2693892415594996,-0.052189980227644185,-0.10819209527492171,-0.11478223296157698,0.14594056027780283,0.988447122179779,0.05091247687332981,0.06303861266509352
k6_GEP6,-0.18762792638109912,-0.19931196950413954,-0.12336009587196456,0.04069156344103904,0.9953638025826618,-0.1854720114018781,-0.16993049871713264,-0.11497357679564468,-0.009006299363553301,0.05057746917232975,1.0,-0.20361454752763342,-0.17115962133804458,-0.016210585363274892,-0.10833913631337289,-0.007610591707197888,0.050516213325889354,0.9997399565394476,-0.20294835537289052,-0.17083941349471962,-0.015260647766899779,-0.10638979561015036,-0.007468396078109484,0.05214081585177565,0.9997061414664974,-0.036930095019860956
k7_GEP1,0.7426087270196529,-0.538899852354873,-0.06796696584751391,-0.27626142735783604,-0.2100147086094099,0.753321351681802,-0.4837684624383416,-0.08596071525921276,-0.3092850480386294,-0.2724786890090144,-0.20361454752763342,1.0,-0.474080579365649,-0.17866417224596817,-0.11955479554944369,-0.3033276133843153,-0.30635618079864246,-0.19695654441093965,0.9990937900932285,-0.4729715092747694,-0.1865462108086664,-0.08177976338340792,-0.30261831020995605,-0.30044347353147705,-0.19648609682224616,-0.12172412267055753
k7_GEP2,-0.5975222089276139,0.9445236819221549,-0.3375830701029672,-0.06590737628469483,-0.2192512928519002,-0.5661544652182985,0.9965966179123381,-0.3055718876707086,-0.13685205143755758,-0.051620875669492146,-0.17115962133804458,-0.474080579365649,1.0,-0.23500837822577694,-0.2840161897326296,-0.13290713413860003,-0.005817693624585457,-0.1685908139231727,-0.47413914074650304,0.9999710219452957,-0.23156223188767305,-0.277479643111806,-0.1301545945991625,-0.0017648257987830554,-0.16755266596784787,-0.117919893041751
k7_GEP3,0.519584457748591,-0.2776249964412021,-0.15130625648232635,-0.10820507547120192,-0.004996135528355818,0.5118200229171467,-0.2698983192066112,-0.1658543486002192,-0.04843254216366149,-0.10898875188159719,-0.016210585363274892,-0.17866417224596817,-0.23500837822577694,1.0,-0.16328389787837497,-0.09276608726171684,-0.09799088050186741,-0.015369652365287818,-0.17223115200189454,-0.23510036422989253,0.9999459604303587,-0.16735921736762116,-0.09283669800606663,-0.09790478963923234,-0.015124939685658515,-0.03723709728427388
k7_GEP4,-0.24247306911493766,-0.3233132534894224,0.9970858234861835,-0.0933335211786671,-0.10552603254595982,-0.23488135708387012,-0.295329452904359,0.9993012729804028,-0.11996845901823597,-0.09043725543549615,-0.10833913631337289,-0.11955479554944369,-0.2840161897326296,-0.16328389787837497,1.0,-0.12373524464903134,-0.09162597472521988,-0.10718884057330887,-0.12797713635826696,-0.28531974730735776,-0.15851147603799134,0.9566769931789446,-0.12729627829865187,-0.10697197759060284,-0.10971826640294689,0.4026936556885684
k7_GEP5,-0.23871866564767527,0.19420616227314103,-0.10256195210365339,0.1933236940219068,0.07813444187967522,-0.31628300534986203,-0.06644697650397519,-0.1283981281167264,0.9928558990279766,0.14816886804386042,-0.007610591707197888,-0.3033276133843153,-0.13290713413860003,-0.09276608726171684,-0.12373524464903134,1.0,0.11674105390967385,-0.028313853659354498,-0.30315585286463387,-0.13289876289054484,-0.09078238832352183,-0.12533885262113117,0.999861611807854,0.11834343523791258,-0.027456343696690238,-0.03923857741223153
k7_GEP6,-0.32860911216434374,0.021757160536876763,-0.11756437677434961,0.9822868319838136,0.05212794022962846,-0.32896396555307317,0.010266065463075597,-0.10620472089269252,0.08425607409087502,0.9898008551691643,0.050516213325889354,-0.30635618079864246,-0.005817693624585457,-0.09799088050186741,-0.09162597472521988,0.11674105390967385,1.0,0.05249675948886747,-0.30317810080590674,-0.006530472758850738,-0.09680522858760286,-0.11904662884116875,0.11485654119904194,0.9977662672320989,0.05172835025217109,0.07212226792641915
k7_GEP7,-0.18305284569374466,-0.20336711891365708,-0.12268475910401389,0.04067846678814287,0.9932852628885275,-0.17929025099284826,-0.1686998892430245,-0.11374367205452565,-0.02934926962375913,0.05157068094189575,0.9997399565394476,-0.19695654441093965,-0.1685908139231727,-0.015369652365287818,-0.10718884057330887,-0.028313853659354498,0.05249675948886747,1.0,-0.196261930353002,-0.168276334441111,-0.014469638877914992,-0.10538549104680782,-0.028171127138037867,0.05406021139657903,0.9999413523219377,-0.03581605604657415
k8_GEP1,0.7468069258910651,-0.5391354915029969,-0.07695917295248628,-0.2730841811815095,-0.20930691046337177,0.7571634217208539,-0.48394550525718005,-0.09457505854236786,-0.30910619431901487,-0.2693892415594996,-0.20294835537289052,0.9990937900932285,-0.47413914074650304,-0.17223115200189454,-0.12797713635826696,-0.30315585286463387,-0.30317810080590674,-0.196261930353002,1.0,-0.4733216058021981,-0.18019846979547577,-0.10168743278827055,-0.303062083895642,-0.2997542802236636,-0.19619928198958742,-0.0881359558544535
k8_GEP2,-0.5966543987636271,0.944509615115906,-0.3387382504579987,-0.06646701525568038,-0.21893086241832257,-0.5652521591647692,0.9965694313910965,-0.3068207910650505,-0.13684396339105037,-0.052189980227644185,-0.17083941349471962,-0.4729715092747694,0.9999710219452957,-0.23510036422989253,-0.28531974730735776,-0.13289876289054484,-0.006530472758850738,-0.168276334441111,-0.4733216058021981,1.0,-0.23166225493605128,-0.27655634989763356,-0.1300263514962553,-0.001975129119516455,-0.16715709564252562,-0.1252590119195622
k8_GEP3,0.5125635493768643,-0.27371214716314474,-0.146869589515069,-0.10741494357510632,-0.003997538992858601,0.5047756092978678,-0.2663858864492643,-0.16129817628732235,-0.0462777576901686,-0.10819209527492171,-0.015260647766899779,-0.1865462108086664,-0.23156223188767305,0.9999459604303587,-0.15851147603799134,-0.09078238832352183,-0.09680522858760286,-0.014469638877914992,-0.18019846979547577,-0.23166225493605128,1.0,-0.16284960294501308,-0.09085438411532704,-0.0967824240540707,-0.014229493442691322,-0.0353516278369783
k8_GEP4,-0.2141186497406787,-0.31602223270933505,0.9591388781303735,-0.11776798313095885,-0.10404357835599869,-0.20484314000090242,-0.28851151803605746,0.9579477227314925,-0.12152970406142904,-0.11478223296157698,-0.10638979561015036,-0.08177976338340792,-0.277479643111806,-0.16735921736762116,0.9566769931789446,-0.12533885262113117,-0.11904662884116875,-0.10538549104680782,-0.10168743278827055,-0.27655634989763356,-0.16284960294501308,1.0,-0.12419784562296306,-0.114906903549258,-0.10476728102175144,0.11930788572774015
k8_GEP5,-0.23826458410045592,0.1970849576301294,-0.10593510350514387,0.19097602759438817,0.07815131233354891,-0.3156871031930522,-0.06364266795836472,-0.13189500220839068,0.992841928348836,0.14594056027780283,-0.007468396078109484,-0.30261831020995605,-0.1301545945991625,-0.09283669800606663,-0.12729627829865187,0.999861611807854,0.11485654119904194,-0.028171127138037867,-0.303062083895642,-0.1300263514962553,-0.09085438411532704,-0.12419784562296306,1.0,0.1175200765382124,-0.02714028653295229,-0.055046968068383294
k8_GEP6,-0.3236017607062226,0.026406375400182792,-0.13188817409454823,0.9809933759732898,0.05368496299453714,-0.32368218961035317,0.0144973153278658,-0.12122337627822029,0.08571381855482454,0.988447122179779,0.05214081585177565,-0.30044347353147705,-0.0017648257987830554,-0.09790478963923234,-0.10697197759060284,0.11834343523791258,0.9977662672320989,0.05406021139657903,-0.2997542802236636,-0.001975129119516455,-0.0967824240540707,-0.114906903549258,0.1175200765382124,1.0,0.05400848016000942,0.0066358773931511315
k8_GEP7,-0.18246667104701203,-0.20203255358522287,-0.12504356922016494,0.040056479968951966,0.9932842519966184,-0.17870136199574116,-0.16760459153746488,-0.11623067070005866,-0.02848032115535494,0.05091247687332981,0.9997061414664974,-0.19648609682224616,-0.16755266596784787,-0.015124939685658515,-0.10971826640294689,-0.027456343696690238,0.05172835025217109,0.9999413523219377,-0.19619928198958742,-0.16715709564252562,-0.014229493442691322,-0.10476728102175144,-0.02714028653295229,0.05400848016000942,1.0,-0.04640228171106554
k8_GEP8,-0.1335387854003737,-0.1333818230363711,0.38650566447220763,0.062047364776954175,-0.035038751333502975,-0.13614384514941047,-0.12199995950946062,0.39723216291423846,-0.039161830979731395,0.06303861266509352,-0.036930095019860956,-0.12172412267055753,-0.117919893041751,-0.03723709728427388,0.4026936556885684,-0.03923857741223153,0.07212226792641915,-0.03581605604657415,-0.0881359558544535,-0.1252590119195622,-0.0353516278369783,0.11930788572774015,-0.055046968068383294,0.0066358773931511315,-0.04640228171106554,1.0
